Start: 2025-10-01T14:31:50.256633Z
End: 2025-10-01T14:31:56.647623Z
Status: SUCCESS
Rows_used: 1000
